0.0000000e+00   0.0000000e+00   0.0000000e+00
0.0000000e+00   0.0000000e+00   0.0000000e+00   0.0000000e+00   0.0000000e+00   0.0000000e+00   0.0000000e+00
5.0025000e+02   0.0000000e+00   0.0000000e+00   0.0000000e+00   0.0000000e+00   0.0000000e+00   0.0000000e+00
1.0005000e+03   0.0000000e+00   0.0000000e+00   0.0000000e+00   0.0000000e+00   0.0000000e+00   0.0000000e+00
1.5007500e+03   0.0000000e+00   0.0000000e+00   0.0000000e+00   0.0000000e+00   0.0000000e+00   0.0000000e+00
2.0010000e+03   0.0000000e+00   0.0000000e+00   0.0000000e+00   0.0000000e+00   0.0000000e+00   0.0000000e+00
2.0000000e+03   0.0000000e+00   -1.8369702e-16   0.0000000e+00   0.0000000e+00   0.0000000e+00   0.0000000e+00
2.0020040e+03   0.0000000e+00   -3.1478307e-02   0.0000000e+00   0.0000000e+00   0.0000000e+00   0.0000000e+00
2.0040080e+03   0.0000000e+00   -6.2953148e-02   0.0000000e+00   0.0000000e+00   0.0000000e+00   0.0000000e+00
2.0060120e+03   0.0000000e+00   -9.4421057e-02   0.0000000e+00   0.0000000e+00   0.0000000e+00   0.0000000e+00
2.0080160e+03   0.0000000e+00   -1.2587857e-01   0.0000000e+00   0.0000000e+00   0.0000000e+00   0.0000000e+00
2.0100200e+03   0.0000000e+00   -1.5732223e-01   0.0000000e+00   0.0000000e+00   0.0000000e+00   0.0000000e+00
2.0120240e+03   0.0000000e+00   -1.8874856e-01   0.0000000e+00   0.0000000e+00   0.0000000e+00   0.0000000e+00
2.0140281e+03   0.0000000e+00   -2.2015411e-01   0.0000000e+00   0.0000000e+00   0.0000000e+00   0.0000000e+00
2.0160321e+03   0.0000000e+00   -2.5153542e-01   0.0000000e+00   0.0000000e+00   0.0000000e+00   0.0000000e+00
2.0180361e+03   0.0000000e+00   -2.8288904e-01   0.0000000e+00   0.0000000e+00   0.0000000e+00   0.0000000e+00
2.0200401e+03   0.0000000e+00   -3.1421151e-01   0.0000000e+00   0.0000000e+00   0.0000000e+00   0.0000000e+00
2.0220441e+03   0.0000000e+00   -3.4549939e-01   0.0000000e+00   0.0000000e+00   0.0000000e+00   0.0000000e+00
2.0240481e+03   0.0000000e+00   -3.7674922e-01   0.0000000e+00   0.0000000e+00   0.0000000e+00   0.0000000e+00
2.0260521e+03   0.0000000e+00   -4.0795758e-01   0.0000000e+00   0.0000000e+00   0.0000000e+00   0.0000000e+00
2.0280561e+03   0.0000000e+00   -4.3912102e-01   0.0000000e+00   0.0000000e+00   0.0000000e+00   0.0000000e+00
2.0300601e+03   0.0000000e+00   -4.7023611e-01   0.0000000e+00   0.0000000e+00   0.0000000e+00   0.0000000e+00
2.0320641e+03   0.0000000e+00   -5.0129943e-01   0.0000000e+00   0.0000000e+00   0.0000000e+00   0.0000000e+00
2.0340681e+03   0.0000000e+00   -5.3230755e-01   0.0000000e+00   0.0000000e+00   0.0000000e+00   0.0000000e+00
2.0360721e+03   0.0000000e+00   -5.6325707e-01   0.0000000e+00   0.0000000e+00   0.0000000e+00   0.0000000e+00
2.0380762e+03   0.0000000e+00   -5.9414457e-01   0.0000000e+00   0.0000000e+00   0.0000000e+00   0.0000000e+00
2.0400802e+03   0.0000000e+00   -6.2496666e-01   0.0000000e+00   0.0000000e+00   0.0000000e+00   0.0000000e+00
2.0420842e+03   0.0000000e+00   -6.5571993e-01   0.0000000e+00   0.0000000e+00   0.0000000e+00   0.0000000e+00
2.0440882e+03   0.0000000e+00   -6.8640101e-01   0.0000000e+00   0.0000000e+00   0.0000000e+00   0.0000000e+00
2.0460922e+03   0.0000000e+00   -7.1700652e-01   0.0000000e+00   0.0000000e+00   0.0000000e+00   0.0000000e+00
2.0480962e+03   0.0000000e+00   -7.4753308e-01   0.0000000e+00   0.0000000e+00   0.0000000e+00   0.0000000e+00
2.0501002e+03   0.0000000e+00   -7.7797734e-01   0.0000000e+00   0.0000000e+00   0.0000000e+00   0.0000000e+00
2.0521042e+03   0.0000000e+00   -8.0833594e-01   0.0000000e+00   0.0000000e+00   0.0000000e+00   0.0000000e+00
2.0541082e+03   0.0000000e+00   -8.3860555e-01   0.0000000e+00   0.0000000e+00   0.0000000e+00   0.0000000e+00
2.0561122e+03   0.0000000e+00   -8.6878282e-01   0.0000000e+00   0.0000000e+00   0.0000000e+00   0.0000000e+00
2.0581162e+03   0.0000000e+00   -8.9886444e-01   0.0000000e+00   0.0000000e+00   0.0000000e+00   0.0000000e+00
2.0601202e+03   0.0000000e+00   -9.2884709e-01   0.0000000e+00   0.0000000e+00   0.0000000e+00   0.0000000e+00
2.0621242e+03   0.0000000e+00   -9.5872748e-01   0.0000000e+00   0.0000000e+00   0.0000000e+00   0.0000000e+00
2.0641283e+03   0.0000000e+00   -9.8850230e-01   0.0000000e+00   0.0000000e+00   0.0000000e+00   0.0000000e+00
2.0661323e+03   0.0000000e+00   -1.0181683e+00   0.0000000e+00   0.0000000e+00   0.0000000e+00   0.0000000e+00
2.0681363e+03   0.0000000e+00   -1.0477222e+00   0.0000000e+00   0.0000000e+00   0.0000000e+00   0.0000000e+00
2.0701403e+03   0.0000000e+00   -1.0771607e+00   0.0000000e+00   0.0000000e+00   0.0000000e+00   0.0000000e+00
2.0721443e+03   0.0000000e+00   -1.1064807e+00   0.0000000e+00   0.0000000e+00   0.0000000e+00   0.0000000e+00
2.0741483e+03   0.0000000e+00   -1.1356788e+00   0.0000000e+00   0.0000000e+00   0.0000000e+00   0.0000000e+00
2.0761523e+03   0.0000000e+00   -1.1647519e+00   0.0000000e+00   0.0000000e+00   0.0000000e+00   0.0000000e+00
2.0781563e+03   0.0000000e+00   -1.1936967e+00   0.0000000e+00   0.0000000e+00   0.0000000e+00   0.0000000e+00
2.0801603e+03   0.0000000e+00   -1.2225101e+00   0.0000000e+00   0.0000000e+00   0.0000000e+00   0.0000000e+00
2.0821643e+03   0.0000000e+00   -1.2511889e+00   0.0000000e+00   0.0000000e+00   0.0000000e+00   0.0000000e+00
2.0841683e+03   0.0000000e+00   -1.2797299e+00   0.0000000e+00   0.0000000e+00   0.0000000e+00   0.0000000e+00
2.0861723e+03   0.0000000e+00   -1.3081301e+00   0.0000000e+00   0.0000000e+00   0.0000000e+00   0.0000000e+00
2.0881764e+03   0.0000000e+00   -1.3363862e+00   0.0000000e+00   0.0000000e+00   0.0000000e+00   0.0000000e+00
2.0901804e+03   0.0000000e+00   -1.3644952e+00   0.0000000e+00   0.0000000e+00   0.0000000e+00   0.0000000e+00
2.0921844e+03   0.0000000e+00   -1.3924540e+00   0.0000000e+00   0.0000000e+00   0.0000000e+00   0.0000000e+00
2.0941884e+03   0.0000000e+00   -1.4202594e+00   0.0000000e+00   0.0000000e+00   0.0000000e+00   0.0000000e+00
2.0961924e+03   0.0000000e+00   -1.4479085e+00   0.0000000e+00   0.0000000e+00   0.0000000e+00   0.0000000e+00
2.0981964e+03   0.0000000e+00   -1.4753981e+00   0.0000000e+00   0.0000000e+00   0.0000000e+00   0.0000000e+00
2.1002004e+03   0.0000000e+00   -1.5027253e+00   0.0000000e+00   0.0000000e+00   0.0000000e+00   0.0000000e+00
2.1022044e+03   0.0000000e+00   -1.5298871e+00   0.0000000e+00   0.0000000e+00   0.0000000e+00   0.0000000e+00
2.1042084e+03   0.0000000e+00   -1.5568804e+00   0.0000000e+00   0.0000000e+00   0.0000000e+00   0.0000000e+00
2.1062124e+03   0.0000000e+00   -1.5837023e+00   0.0000000e+00   0.0000000e+00   0.0000000e+00   0.0000000e+00
2.1082164e+03   0.0000000e+00   -1.6103498e+00   0.0000000e+00   0.0000000e+00   0.0000000e+00   0.0000000e+00
2.1102204e+03   0.0000000e+00   -1.6368201e+00   0.0000000e+00   0.0000000e+00   0.0000000e+00   0.0000000e+00
2.1122244e+03   0.0000000e+00   -1.6631101e+00   0.0000000e+00   0.0000000e+00   0.0000000e+00   0.0000000e+00
2.1142285e+03   0.0000000e+00   -1.6892170e+00   0.0000000e+00   0.0000000e+00   0.0000000e+00   0.0000000e+00
2.1162325e+03   0.0000000e+00   -1.7151379e+00   0.0000000e+00   0.0000000e+00   0.0000000e+00   0.0000000e+00
2.1182365e+03   0.0000000e+00   -1.7408700e+00   0.0000000e+00   0.0000000e+00   0.0000000e+00   0.0000000e+00
2.1202405e+03   0.0000000e+00   -1.7664104e+00   0.0000000e+00   0.0000000e+00   0.0000000e+00   0.0000000e+00
2.1222445e+03   0.0000000e+00   -1.7917563e+00   0.0000000e+00   0.0000000e+00   0.0000000e+00   0.0000000e+00
2.1242485e+03   0.0000000e+00   -1.8169050e+00   0.0000000e+00   0.0000000e+00   0.0000000e+00   0.0000000e+00
2.1262525e+03   0.0000000e+00   -1.8418536e+00   0.0000000e+00   0.0000000e+00   0.0000000e+00   0.0000000e+00
2.1282565e+03   0.0000000e+00   -1.8665994e+00   0.0000000e+00   0.0000000e+00   0.0000000e+00   0.0000000e+00
2.1302605e+03   0.0000000e+00   -1.8911397e+00   0.0000000e+00   0.0000000e+00   0.0000000e+00   0.0000000e+00
2.1322645e+03   0.0000000e+00   -1.9154718e+00   0.0000000e+00   0.0000000e+00   0.0000000e+00   0.0000000e+00
2.1342685e+03   0.0000000e+00   -1.9395930e+00   0.0000000e+00   0.0000000e+00   0.0000000e+00   0.0000000e+00
2.1362725e+03   0.0000000e+00   -1.9635006e+00   0.0000000e+00   0.0000000e+00   0.0000000e+00   0.0000000e+00
2.1382766e+03   0.0000000e+00   -1.9871921e+00   0.0000000e+00   0.0000000e+00   0.0000000e+00   0.0000000e+00
2.1402806e+03   0.0000000e+00   -2.0106647e+00   0.0000000e+00   0.0000000e+00   0.0000000e+00   0.0000000e+00
2.1422846e+03   0.0000000e+00   -2.0339160e+00   0.0000000e+00   0.0000000e+00   0.0000000e+00   0.0000000e+00
2.1442886e+03   0.0000000e+00   -2.0569434e+00   0.0000000e+00   0.0000000e+00   0.0000000e+00   0.0000000e+00
2.1462926e+03   0.0000000e+00   -2.0797442e+00   0.0000000e+00   0.0000000e+00   0.0000000e+00   0.0000000e+00
2.1482966e+03   0.0000000e+00   -2.1023161e+00   0.0000000e+00   0.0000000e+00   0.0000000e+00   0.0000000e+00
2.1503006e+03   0.0000000e+00   -2.1246566e+00   0.0000000e+00   0.0000000e+00   0.0000000e+00   0.0000000e+00
2.1523046e+03   0.0000000e+00   -2.1467631e+00   0.0000000e+00   0.0000000e+00   0.0000000e+00   0.0000000e+00
2.1543086e+03   0.0000000e+00   -2.1686332e+00   0.0000000e+00   0.0000000e+00   0.0000000e+00   0.0000000e+00
2.1563126e+03   0.0000000e+00   -2.1902646e+00   0.0000000e+00   0.0000000e+00   0.0000000e+00   0.0000000e+00
2.1583166e+03   0.0000000e+00   -2.2116548e+00   0.0000000e+00   0.0000000e+00   0.0000000e+00   0.0000000e+00
2.1603206e+03   0.0000000e+00   -2.2328015e+00   0.0000000e+00   0.0000000e+00   0.0000000e+00   0.0000000e+00
2.1623246e+03   0.0000000e+00   -2.2537024e+00   0.0000000e+00   0.0000000e+00   0.0000000e+00   0.0000000e+00
2.1643287e+03   0.0000000e+00   -2.2743551e+00   0.0000000e+00   0.0000000e+00   0.0000000e+00   0.0000000e+00
2.1663327e+03   0.0000000e+00   -2.2947574e+00   0.0000000e+00   0.0000000e+00   0.0000000e+00   0.0000000e+00
2.1683367e+03   0.0000000e+00   -2.3149071e+00   0.0000000e+00   0.0000000e+00   0.0000000e+00   0.0000000e+00
2.1703407e+03   0.0000000e+00   -2.3348019e+00   0.0000000e+00   0.0000000e+00   0.0000000e+00   0.0000000e+00
2.1723447e+03   0.0000000e+00   -2.3544397e+00   0.0000000e+00   0.0000000e+00   0.0000000e+00   0.0000000e+00
2.1743487e+03   0.0000000e+00   -2.3738182e+00   0.0000000e+00   0.0000000e+00   0.0000000e+00   0.0000000e+00
2.1763527e+03   0.0000000e+00   -2.3929353e+00   0.0000000e+00   0.0000000e+00   0.0000000e+00   0.0000000e+00
2.1783567e+03   0.0000000e+00   -2.4117890e+00   0.0000000e+00   0.0000000e+00   0.0000000e+00   0.0000000e+00
2.1803607e+03   0.0000000e+00   -2.4303772e+00   0.0000000e+00   0.0000000e+00   0.0000000e+00   0.0000000e+00
2.1823647e+03   0.0000000e+00   -2.4486977e+00   0.0000000e+00   0.0000000e+00   0.0000000e+00   0.0000000e+00
2.1843687e+03   0.0000000e+00   -2.4667487e+00   0.0000000e+00   0.0000000e+00   0.0000000e+00   0.0000000e+00
2.1863727e+03   0.0000000e+00   -2.4845280e+00   0.0000000e+00   0.0000000e+00   0.0000000e+00   0.0000000e+00
2.1883768e+03   0.0000000e+00   -2.5020338e+00   0.0000000e+00   0.0000000e+00   0.0000000e+00   0.0000000e+00
2.1903808e+03   0.0000000e+00   -2.5192642e+00   0.0000000e+00   0.0000000e+00   0.0000000e+00   0.0000000e+00
2.1923848e+03   0.0000000e+00   -2.5362171e+00   0.0000000e+00   0.0000000e+00   0.0000000e+00   0.0000000e+00
2.1943888e+03   0.0000000e+00   -2.5528909e+00   0.0000000e+00   0.0000000e+00   0.0000000e+00   0.0000000e+00
2.1963928e+03   0.0000000e+00   -2.5692835e+00   0.0000000e+00   0.0000000e+00   0.0000000e+00   0.0000000e+00
2.1983968e+03   0.0000000e+00   -2.5853933e+00   0.0000000e+00   0.0000000e+00   0.0000000e+00   0.0000000e+00
2.2004008e+03   0.0000000e+00   -2.6012184e+00   0.0000000e+00   0.0000000e+00   0.0000000e+00   0.0000000e+00
2.2024048e+03   0.0000000e+00   -2.6167571e+00   0.0000000e+00   0.0000000e+00   0.0000000e+00   0.0000000e+00
2.2044088e+03   0.0000000e+00   -2.6320077e+00   0.0000000e+00   0.0000000e+00   0.0000000e+00   0.0000000e+00
2.2064128e+03   0.0000000e+00   -2.6469685e+00   0.0000000e+00   0.0000000e+00   0.0000000e+00   0.0000000e+00
2.2084168e+03   0.0000000e+00   -2.6616379e+00   0.0000000e+00   0.0000000e+00   0.0000000e+00   0.0000000e+00
2.2104208e+03   0.0000000e+00   -2.6760142e+00   0.0000000e+00   0.0000000e+00   0.0000000e+00   0.0000000e+00
2.2124248e+03   0.0000000e+00   -2.6900959e+00   0.0000000e+00   0.0000000e+00   0.0000000e+00   0.0000000e+00
2.2144289e+03   0.0000000e+00   -2.7038814e+00   0.0000000e+00   0.0000000e+00   0.0000000e+00   0.0000000e+00
2.2164329e+03   0.0000000e+00   -2.7173692e+00   0.0000000e+00   0.0000000e+00   0.0000000e+00   0.0000000e+00
2.2184369e+03   0.0000000e+00   -2.7305579e+00   0.0000000e+00   0.0000000e+00   0.0000000e+00   0.0000000e+00
2.2204409e+03   0.0000000e+00   -2.7434459e+00   0.0000000e+00   0.0000000e+00   0.0000000e+00   0.0000000e+00
2.2224449e+03   0.0000000e+00   -2.7560318e+00   0.0000000e+00   0.0000000e+00   0.0000000e+00   0.0000000e+00
2.2244489e+03   0.0000000e+00   -2.7683143e+00   0.0000000e+00   0.0000000e+00   0.0000000e+00   0.0000000e+00
2.2264529e+03   0.0000000e+00   -2.7802920e+00   0.0000000e+00   0.0000000e+00   0.0000000e+00   0.0000000e+00
2.2284569e+03   0.0000000e+00   -2.7919636e+00   0.0000000e+00   0.0000000e+00   0.0000000e+00   0.0000000e+00
2.2304609e+03   0.0000000e+00   -2.8033278e+00   0.0000000e+00   0.0000000e+00   0.0000000e+00   0.0000000e+00
2.2324649e+03   0.0000000e+00   -2.8143833e+00   0.0000000e+00   0.0000000e+00   0.0000000e+00   0.0000000e+00
2.2344689e+03   0.0000000e+00   -2.8251290e+00   0.0000000e+00   0.0000000e+00   0.0000000e+00   0.0000000e+00
2.2364729e+03   0.0000000e+00   -2.8355636e+00   0.0000000e+00   0.0000000e+00   0.0000000e+00   0.0000000e+00
2.2384770e+03   0.0000000e+00   -2.8456860e+00   0.0000000e+00   0.0000000e+00   0.0000000e+00   0.0000000e+00
2.2404810e+03   0.0000000e+00   -2.8554951e+00   0.0000000e+00   0.0000000e+00   0.0000000e+00   0.0000000e+00
2.2424850e+03   0.0000000e+00   -2.8649898e+00   0.0000000e+00   0.0000000e+00   0.0000000e+00   0.0000000e+00
2.2444890e+03   0.0000000e+00   -2.8741691e+00   0.0000000e+00   0.0000000e+00   0.0000000e+00   0.0000000e+00
2.2464930e+03   0.0000000e+00   -2.8830319e+00   0.0000000e+00   0.0000000e+00   0.0000000e+00   0.0000000e+00
2.2484970e+03   0.0000000e+00   -2.8915773e+00   0.0000000e+00   0.0000000e+00   0.0000000e+00   0.0000000e+00
2.2505010e+03   0.0000000e+00   -2.8998043e+00   0.0000000e+00   0.0000000e+00   0.0000000e+00   0.0000000e+00
2.2525050e+03   0.0000000e+00   -2.9077121e+00   0.0000000e+00   0.0000000e+00   0.0000000e+00   0.0000000e+00
2.2545090e+03   0.0000000e+00   -2.9152997e+00   0.0000000e+00   0.0000000e+00   0.0000000e+00   0.0000000e+00
2.2565130e+03   0.0000000e+00   -2.9225664e+00   0.0000000e+00   0.0000000e+00   0.0000000e+00   0.0000000e+00
2.2585170e+03   0.0000000e+00   -2.9295112e+00   0.0000000e+00   0.0000000e+00   0.0000000e+00   0.0000000e+00
2.2605210e+03   0.0000000e+00   -2.9361335e+00   0.0000000e+00   0.0000000e+00   0.0000000e+00   0.0000000e+00
2.2625251e+03   0.0000000e+00   -2.9424326e+00   0.0000000e+00   0.0000000e+00   0.0000000e+00   0.0000000e+00
2.2645291e+03   0.0000000e+00   -2.9484077e+00   0.0000000e+00   0.0000000e+00   0.0000000e+00   0.0000000e+00
2.2665331e+03   0.0000000e+00   -2.9540581e+00   0.0000000e+00   0.0000000e+00   0.0000000e+00   0.0000000e+00
2.2685371e+03   0.0000000e+00   -2.9593833e+00   0.0000000e+00   0.0000000e+00   0.0000000e+00   0.0000000e+00
2.2705411e+03   0.0000000e+00   -2.9643827e+00   0.0000000e+00   0.0000000e+00   0.0000000e+00   0.0000000e+00
2.2725451e+03   0.0000000e+00   -2.9690557e+00   0.0000000e+00   0.0000000e+00   0.0000000e+00   0.0000000e+00
2.2745491e+03   0.0000000e+00   -2.9734018e+00   0.0000000e+00   0.0000000e+00   0.0000000e+00   0.0000000e+00
2.2765531e+03   0.0000000e+00   -2.9774205e+00   0.0000000e+00   0.0000000e+00   0.0000000e+00   0.0000000e+00
2.2785571e+03   0.0000000e+00   -2.9811114e+00   0.0000000e+00   0.0000000e+00   0.0000000e+00   0.0000000e+00
2.2805611e+03   0.0000000e+00   -2.9844741e+00   0.0000000e+00   0.0000000e+00   0.0000000e+00   0.0000000e+00
2.2825651e+03   0.0000000e+00   -2.9875082e+00   0.0000000e+00   0.0000000e+00   0.0000000e+00   0.0000000e+00
2.2845691e+03   0.0000000e+00   -2.9902134e+00   0.0000000e+00   0.0000000e+00   0.0000000e+00   0.0000000e+00
2.2865731e+03   0.0000000e+00   -2.9925893e+00   0.0000000e+00   0.0000000e+00   0.0000000e+00   0.0000000e+00
2.2885772e+03   0.0000000e+00   -2.9946358e+00   0.0000000e+00   0.0000000e+00   0.0000000e+00   0.0000000e+00
2.2905812e+03   0.0000000e+00   -2.9963525e+00   0.0000000e+00   0.0000000e+00   0.0000000e+00   0.0000000e+00
2.2925852e+03   0.0000000e+00   -2.9977393e+00   0.0000000e+00   0.0000000e+00   0.0000000e+00   0.0000000e+00
2.2945892e+03   0.0000000e+00   -2.9987961e+00   0.0000000e+00   0.0000000e+00   0.0000000e+00   0.0000000e+00
2.2965932e+03   0.0000000e+00   -2.9995227e+00   0.0000000e+00   0.0000000e+00   0.0000000e+00   0.0000000e+00
2.2985972e+03   0.0000000e+00   -2.9999191e+00   0.0000000e+00   0.0000000e+00   0.0000000e+00   0.0000000e+00
2.3006012e+03   0.0000000e+00   -3.0000000e+00   0.0000000e+00   0.0000000e+00   0.0000000e+00   0.0000000e+00
2.3026052e+03   0.0000000e+00   -3.0000000e+00   0.0000000e+00   0.0000000e+00   0.0000000e+00   0.0000000e+00
2.3046092e+03   0.0000000e+00   -3.0000000e+00   0.0000000e+00   0.0000000e+00   0.0000000e+00   0.0000000e+00
2.3066132e+03   0.0000000e+00   -3.0000000e+00   0.0000000e+00   0.0000000e+00   0.0000000e+00   0.0000000e+00
2.3086172e+03   0.0000000e+00   -3.0000000e+00   0.0000000e+00   0.0000000e+00   0.0000000e+00   0.0000000e+00
2.3106212e+03   0.0000000e+00   -3.0000000e+00   0.0000000e+00   0.0000000e+00   0.0000000e+00   0.0000000e+00
2.3126253e+03   0.0000000e+00   -3.0000000e+00   0.0000000e+00   0.0000000e+00   0.0000000e+00   0.0000000e+00
2.3146293e+03   0.0000000e+00   -3.0000000e+00   0.0000000e+00   0.0000000e+00   0.0000000e+00   0.0000000e+00
2.3166333e+03   0.0000000e+00   -3.0000000e+00   0.0000000e+00   0.0000000e+00   0.0000000e+00   0.0000000e+00
2.3186373e+03   0.0000000e+00   -3.0000000e+00   0.0000000e+00   0.0000000e+00   0.0000000e+00   0.0000000e+00
2.3206413e+03   0.0000000e+00   -3.0000000e+00   0.0000000e+00   0.0000000e+00   0.0000000e+00   0.0000000e+00
2.3226453e+03   0.0000000e+00   -3.0000000e+00   0.0000000e+00   0.0000000e+00   0.0000000e+00   0.0000000e+00
2.3246493e+03   0.0000000e+00   -3.0000000e+00   0.0000000e+00   0.0000000e+00   0.0000000e+00   0.0000000e+00
2.3266533e+03   0.0000000e+00   -3.0000000e+00   0.0000000e+00   0.0000000e+00   0.0000000e+00   0.0000000e+00
2.3286573e+03   0.0000000e+00   -3.0000000e+00   0.0000000e+00   0.0000000e+00   0.0000000e+00   0.0000000e+00
2.3306613e+03   0.0000000e+00   -3.0000000e+00   0.0000000e+00   0.0000000e+00   0.0000000e+00   0.0000000e+00
2.3326653e+03   0.0000000e+00   -3.0000000e+00   0.0000000e+00   0.0000000e+00   0.0000000e+00   0.0000000e+00
2.3346693e+03   0.0000000e+00   -3.0000000e+00   0.0000000e+00   0.0000000e+00   0.0000000e+00   0.0000000e+00
2.3366733e+03   0.0000000e+00   -3.0000000e+00   0.0000000e+00   0.0000000e+00   0.0000000e+00   0.0000000e+00
2.3386774e+03   0.0000000e+00   -3.0000000e+00   0.0000000e+00   0.0000000e+00   0.0000000e+00   0.0000000e+00
2.3406814e+03   0.0000000e+00   -3.0000000e+00   0.0000000e+00   0.0000000e+00   0.0000000e+00   0.0000000e+00
2.3426854e+03   0.0000000e+00   -3.0000000e+00   0.0000000e+00   0.0000000e+00   0.0000000e+00   0.0000000e+00
2.3446894e+03   0.0000000e+00   -3.0000000e+00   0.0000000e+00   0.0000000e+00   0.0000000e+00   0.0000000e+00
2.3466934e+03   0.0000000e+00   -3.0000000e+00   0.0000000e+00   0.0000000e+00   0.0000000e+00   0.0000000e+00
2.3486974e+03   0.0000000e+00   -3.0000000e+00   0.0000000e+00   0.0000000e+00   0.0000000e+00   0.0000000e+00
2.3507014e+03   0.0000000e+00   -3.0000000e+00   0.0000000e+00   0.0000000e+00   0.0000000e+00   0.0000000e+00
2.3527054e+03   0.0000000e+00   -3.0000000e+00   0.0000000e+00   0.0000000e+00   0.0000000e+00   0.0000000e+00
2.3547094e+03   0.0000000e+00   -3.0000000e+00   0.0000000e+00   0.0000000e+00   0.0000000e+00   0.0000000e+00
2.3567134e+03   0.0000000e+00   -3.0000000e+00   0.0000000e+00   0.0000000e+00   0.0000000e+00   0.0000000e+00
2.3587174e+03   0.0000000e+00   -3.0000000e+00   0.0000000e+00   0.0000000e+00   0.0000000e+00   0.0000000e+00
2.3607214e+03   0.0000000e+00   -3.0000000e+00   0.0000000e+00   0.0000000e+00   0.0000000e+00   0.0000000e+00
2.3627255e+03   0.0000000e+00   -3.0000000e+00   0.0000000e+00   0.0000000e+00   0.0000000e+00   0.0000000e+00
2.3647295e+03   0.0000000e+00   -3.0000000e+00   0.0000000e+00   0.0000000e+00   0.0000000e+00   0.0000000e+00
2.3667335e+03   0.0000000e+00   -3.0000000e+00   0.0000000e+00   0.0000000e+00   0.0000000e+00   0.0000000e+00
2.3687375e+03   0.0000000e+00   -3.0000000e+00   0.0000000e+00   0.0000000e+00   0.0000000e+00   0.0000000e+00
2.3707415e+03   0.0000000e+00   -3.0000000e+00   0.0000000e+00   0.0000000e+00   0.0000000e+00   0.0000000e+00
2.3727455e+03   0.0000000e+00   -3.0000000e+00   0.0000000e+00   0.0000000e+00   0.0000000e+00   0.0000000e+00
2.3747495e+03   0.0000000e+00   -3.0000000e+00   0.0000000e+00   0.0000000e+00   0.0000000e+00   0.0000000e+00
2.3767535e+03   0.0000000e+00   -3.0000000e+00   0.0000000e+00   0.0000000e+00   0.0000000e+00   0.0000000e+00
2.3787575e+03   0.0000000e+00   -3.0000000e+00   0.0000000e+00   0.0000000e+00   0.0000000e+00   0.0000000e+00
2.3807615e+03   0.0000000e+00   -3.0000000e+00   0.0000000e+00   0.0000000e+00   0.0000000e+00   0.0000000e+00
2.3827655e+03   0.0000000e+00   -3.0000000e+00   0.0000000e+00   0.0000000e+00   0.0000000e+00   0.0000000e+00
2.3847695e+03   0.0000000e+00   -3.0000000e+00   0.0000000e+00   0.0000000e+00   0.0000000e+00   0.0000000e+00
2.3867735e+03   0.0000000e+00   -3.0000000e+00   0.0000000e+00   0.0000000e+00   0.0000000e+00   0.0000000e+00
2.3887776e+03   0.0000000e+00   -3.0000000e+00   0.0000000e+00   0.0000000e+00   0.0000000e+00   0.0000000e+00
2.3907816e+03   0.0000000e+00   -3.0000000e+00   0.0000000e+00   0.0000000e+00   0.0000000e+00   0.0000000e+00
2.3927856e+03   0.0000000e+00   -3.0000000e+00   0.0000000e+00   0.0000000e+00   0.0000000e+00   0.0000000e+00
2.3947896e+03   0.0000000e+00   -3.0000000e+00   0.0000000e+00   0.0000000e+00   0.0000000e+00   0.0000000e+00
2.3967936e+03   0.0000000e+00   -3.0000000e+00   0.0000000e+00   0.0000000e+00   0.0000000e+00   0.0000000e+00
2.3987976e+03   0.0000000e+00   -3.0000000e+00   0.0000000e+00   0.0000000e+00   0.0000000e+00   0.0000000e+00
2.4008016e+03   0.0000000e+00   -3.0000000e+00   0.0000000e+00   0.0000000e+00   0.0000000e+00   0.0000000e+00
2.4028056e+03   0.0000000e+00   -3.0000000e+00   0.0000000e+00   0.0000000e+00   0.0000000e+00   0.0000000e+00
2.4048096e+03   0.0000000e+00   -3.0000000e+00   0.0000000e+00   0.0000000e+00   0.0000000e+00   0.0000000e+00
2.4068136e+03   0.0000000e+00   -3.0000000e+00   0.0000000e+00   0.0000000e+00   0.0000000e+00   0.0000000e+00
2.4088176e+03   0.0000000e+00   -3.0000000e+00   0.0000000e+00   0.0000000e+00   0.0000000e+00   0.0000000e+00
2.4108216e+03   0.0000000e+00   -3.0000000e+00   0.0000000e+00   0.0000000e+00   0.0000000e+00   0.0000000e+00
2.4128257e+03   0.0000000e+00   -3.0000000e+00   0.0000000e+00   0.0000000e+00   0.0000000e+00   0.0000000e+00
2.4148297e+03   0.0000000e+00   -3.0000000e+00   0.0000000e+00   0.0000000e+00   0.0000000e+00   0.0000000e+00
2.4168337e+03   0.0000000e+00   -3.0000000e+00   0.0000000e+00   0.0000000e+00   0.0000000e+00   0.0000000e+00
2.4188377e+03   0.0000000e+00   -3.0000000e+00   0.0000000e+00   0.0000000e+00   0.0000000e+00   0.0000000e+00
2.4208417e+03   0.0000000e+00   -3.0000000e+00   0.0000000e+00   0.0000000e+00   0.0000000e+00   0.0000000e+00
2.4228457e+03   0.0000000e+00   -3.0000000e+00   0.0000000e+00   0.0000000e+00   0.0000000e+00   0.0000000e+00
2.4248497e+03   0.0000000e+00   -3.0000000e+00   0.0000000e+00   0.0000000e+00   0.0000000e+00   0.0000000e+00
2.4268537e+03   0.0000000e+00   -3.0000000e+00   0.0000000e+00   0.0000000e+00   0.0000000e+00   0.0000000e+00
2.4288577e+03   0.0000000e+00   -3.0000000e+00   0.0000000e+00   0.0000000e+00   0.0000000e+00   0.0000000e+00
2.4308617e+03   0.0000000e+00   -3.0000000e+00   0.0000000e+00   0.0000000e+00   0.0000000e+00   0.0000000e+00
2.4328657e+03   0.0000000e+00   -3.0000000e+00   0.0000000e+00   0.0000000e+00   0.0000000e+00   0.0000000e+00
2.4348697e+03   0.0000000e+00   -3.0000000e+00   0.0000000e+00   0.0000000e+00   0.0000000e+00   0.0000000e+00
2.4368737e+03   0.0000000e+00   -3.0000000e+00   0.0000000e+00   0.0000000e+00   0.0000000e+00   0.0000000e+00
2.4388778e+03   0.0000000e+00   -3.0000000e+00   0.0000000e+00   0.0000000e+00   0.0000000e+00   0.0000000e+00
2.4408818e+03   0.0000000e+00   -3.0000000e+00   0.0000000e+00   0.0000000e+00   0.0000000e+00   0.0000000e+00
2.4428858e+03   0.0000000e+00   -3.0000000e+00   0.0000000e+00   0.0000000e+00   0.0000000e+00   0.0000000e+00
2.4448898e+03   0.0000000e+00   -3.0000000e+00   0.0000000e+00   0.0000000e+00   0.0000000e+00   0.0000000e+00
2.4468938e+03   0.0000000e+00   -3.0000000e+00   0.0000000e+00   0.0000000e+00   0.0000000e+00   0.0000000e+00
2.4488978e+03   0.0000000e+00   -3.0000000e+00   0.0000000e+00   0.0000000e+00   0.0000000e+00   0.0000000e+00
2.4509018e+03   0.0000000e+00   -3.0000000e+00   0.0000000e+00   0.0000000e+00   0.0000000e+00   0.0000000e+00
2.4529058e+03   0.0000000e+00   -3.0000000e+00   0.0000000e+00   0.0000000e+00   0.0000000e+00   0.0000000e+00
2.4549098e+03   0.0000000e+00   -3.0000000e+00   0.0000000e+00   0.0000000e+00   0.0000000e+00   0.0000000e+00
2.4569138e+03   0.0000000e+00   -3.0000000e+00   0.0000000e+00   0.0000000e+00   0.0000000e+00   0.0000000e+00
2.4589178e+03   0.0000000e+00   -3.0000000e+00   0.0000000e+00   0.0000000e+00   0.0000000e+00   0.0000000e+00
2.4609218e+03   0.0000000e+00   -3.0000000e+00   0.0000000e+00   0.0000000e+00   0.0000000e+00   0.0000000e+00
2.4629259e+03   0.0000000e+00   -3.0000000e+00   0.0000000e+00   0.0000000e+00   0.0000000e+00   0.0000000e+00
2.4649299e+03   0.0000000e+00   -3.0000000e+00   0.0000000e+00   0.0000000e+00   0.0000000e+00   0.0000000e+00
2.4669339e+03   0.0000000e+00   -3.0000000e+00   0.0000000e+00   0.0000000e+00   0.0000000e+00   0.0000000e+00
2.4689379e+03   0.0000000e+00   -3.0000000e+00   0.0000000e+00   0.0000000e+00   0.0000000e+00   0.0000000e+00
2.4709419e+03   0.0000000e+00   -3.0000000e+00   0.0000000e+00   0.0000000e+00   0.0000000e+00   0.0000000e+00
2.4729459e+03   0.0000000e+00   -3.0000000e+00   0.0000000e+00   0.0000000e+00   0.0000000e+00   0.0000000e+00
2.4749499e+03   0.0000000e+00   -3.0000000e+00   0.0000000e+00   0.0000000e+00   0.0000000e+00   0.0000000e+00
2.4769539e+03   0.0000000e+00   -3.0000000e+00   0.0000000e+00   0.0000000e+00   0.0000000e+00   0.0000000e+00
2.4789579e+03   0.0000000e+00   -3.0000000e+00   0.0000000e+00   0.0000000e+00   0.0000000e+00   0.0000000e+00
2.4809619e+03   0.0000000e+00   -3.0000000e+00   0.0000000e+00   0.0000000e+00   0.0000000e+00   0.0000000e+00
2.4829659e+03   0.0000000e+00   -3.0000000e+00   0.0000000e+00   0.0000000e+00   0.0000000e+00   0.0000000e+00
2.4849699e+03   0.0000000e+00   -3.0000000e+00   0.0000000e+00   0.0000000e+00   0.0000000e+00   0.0000000e+00
2.4869739e+03   0.0000000e+00   -3.0000000e+00   0.0000000e+00   0.0000000e+00   0.0000000e+00   0.0000000e+00
2.4889780e+03   0.0000000e+00   -3.0000000e+00   0.0000000e+00   0.0000000e+00   0.0000000e+00   0.0000000e+00
2.4909820e+03   0.0000000e+00   -3.0000000e+00   0.0000000e+00   0.0000000e+00   0.0000000e+00   0.0000000e+00
2.4929860e+03   0.0000000e+00   -3.0000000e+00   0.0000000e+00   0.0000000e+00   0.0000000e+00   0.0000000e+00
2.4949900e+03   0.0000000e+00   -3.0000000e+00   0.0000000e+00   0.0000000e+00   0.0000000e+00   0.0000000e+00
2.4969940e+03   0.0000000e+00   -3.0000000e+00   0.0000000e+00   0.0000000e+00   0.0000000e+00   0.0000000e+00
2.4989980e+03   0.0000000e+00   -3.0000000e+00   0.0000000e+00   0.0000000e+00   0.0000000e+00   0.0000000e+00
2.5010020e+03   0.0000000e+00   -3.0000000e+00   0.0000000e+00   0.0000000e+00   0.0000000e+00   0.0000000e+00
2.5030060e+03   0.0000000e+00   -3.0000000e+00   0.0000000e+00   0.0000000e+00   0.0000000e+00   0.0000000e+00
2.5050100e+03   0.0000000e+00   -3.0000000e+00   0.0000000e+00   0.0000000e+00   0.0000000e+00   0.0000000e+00
2.5070140e+03   0.0000000e+00   -3.0000000e+00   0.0000000e+00   0.0000000e+00   0.0000000e+00   0.0000000e+00
2.5090180e+03   0.0000000e+00   -3.0000000e+00   0.0000000e+00   0.0000000e+00   0.0000000e+00   0.0000000e+00
2.5110220e+03   0.0000000e+00   -3.0000000e+00   0.0000000e+00   0.0000000e+00   0.0000000e+00   0.0000000e+00
2.5130261e+03   0.0000000e+00   -3.0000000e+00   0.0000000e+00   0.0000000e+00   0.0000000e+00   0.0000000e+00
2.5150301e+03   0.0000000e+00   -3.0000000e+00   0.0000000e+00   0.0000000e+00   0.0000000e+00   0.0000000e+00
2.5170341e+03   0.0000000e+00   -3.0000000e+00   0.0000000e+00   0.0000000e+00   0.0000000e+00   0.0000000e+00
2.5190381e+03   0.0000000e+00   -3.0000000e+00   0.0000000e+00   0.0000000e+00   0.0000000e+00   0.0000000e+00
2.5210421e+03   0.0000000e+00   -3.0000000e+00   0.0000000e+00   0.0000000e+00   0.0000000e+00   0.0000000e+00
2.5230461e+03   0.0000000e+00   -3.0000000e+00   0.0000000e+00   0.0000000e+00   0.0000000e+00   0.0000000e+00
2.5250501e+03   0.0000000e+00   -3.0000000e+00   0.0000000e+00   0.0000000e+00   0.0000000e+00   0.0000000e+00
2.5270541e+03   0.0000000e+00   -3.0000000e+00   0.0000000e+00   0.0000000e+00   0.0000000e+00   0.0000000e+00
2.5290581e+03   0.0000000e+00   -3.0000000e+00   0.0000000e+00   0.0000000e+00   0.0000000e+00   0.0000000e+00
2.5310621e+03   0.0000000e+00   -3.0000000e+00   0.0000000e+00   0.0000000e+00   0.0000000e+00   0.0000000e+00
2.5330661e+03   0.0000000e+00   -3.0000000e+00   0.0000000e+00   0.0000000e+00   0.0000000e+00   0.0000000e+00
2.5350701e+03   0.0000000e+00   -3.0000000e+00   0.0000000e+00   0.0000000e+00   0.0000000e+00   0.0000000e+00
2.5370741e+03   0.0000000e+00   -3.0000000e+00   0.0000000e+00   0.0000000e+00   0.0000000e+00   0.0000000e+00
2.5390782e+03   0.0000000e+00   -3.0000000e+00   0.0000000e+00   0.0000000e+00   0.0000000e+00   0.0000000e+00
2.5410822e+03   0.0000000e+00   -3.0000000e+00   0.0000000e+00   0.0000000e+00   0.0000000e+00   0.0000000e+00
2.5430862e+03   0.0000000e+00   -3.0000000e+00   0.0000000e+00   0.0000000e+00   0.0000000e+00   0.0000000e+00
2.5450902e+03   0.0000000e+00   -3.0000000e+00   0.0000000e+00   0.0000000e+00   0.0000000e+00   0.0000000e+00
2.5470942e+03   0.0000000e+00   -3.0000000e+00   0.0000000e+00   0.0000000e+00   0.0000000e+00   0.0000000e+00
2.5490982e+03   0.0000000e+00   -3.0000000e+00   0.0000000e+00   0.0000000e+00   0.0000000e+00   0.0000000e+00
2.5511022e+03   0.0000000e+00   -3.0000000e+00   0.0000000e+00   0.0000000e+00   0.0000000e+00   0.0000000e+00
2.5531062e+03   0.0000000e+00   -3.0000000e+00   0.0000000e+00   0.0000000e+00   0.0000000e+00   0.0000000e+00
2.5551102e+03   0.0000000e+00   -3.0000000e+00   0.0000000e+00   0.0000000e+00   0.0000000e+00   0.0000000e+00
2.5571142e+03   0.0000000e+00   -3.0000000e+00   0.0000000e+00   0.0000000e+00   0.0000000e+00   0.0000000e+00
2.5591182e+03   0.0000000e+00   -3.0000000e+00   0.0000000e+00   0.0000000e+00   0.0000000e+00   0.0000000e+00
2.5611222e+03   0.0000000e+00   -3.0000000e+00   0.0000000e+00   0.0000000e+00   0.0000000e+00   0.0000000e+00
2.5631263e+03   0.0000000e+00   -3.0000000e+00   0.0000000e+00   0.0000000e+00   0.0000000e+00   0.0000000e+00
2.5651303e+03   0.0000000e+00   -3.0000000e+00   0.0000000e+00   0.0000000e+00   0.0000000e+00   0.0000000e+00
2.5671343e+03   0.0000000e+00   -3.0000000e+00   0.0000000e+00   0.0000000e+00   0.0000000e+00   0.0000000e+00
2.5691383e+03   0.0000000e+00   -3.0000000e+00   0.0000000e+00   0.0000000e+00   0.0000000e+00   0.0000000e+00
2.5711423e+03   0.0000000e+00   -3.0000000e+00   0.0000000e+00   0.0000000e+00   0.0000000e+00   0.0000000e+00
2.5731463e+03   0.0000000e+00   -3.0000000e+00   0.0000000e+00   0.0000000e+00   0.0000000e+00   0.0000000e+00
2.5751503e+03   0.0000000e+00   -3.0000000e+00   0.0000000e+00   0.0000000e+00   0.0000000e+00   0.0000000e+00
2.5771543e+03   0.0000000e+00   -3.0000000e+00   0.0000000e+00   0.0000000e+00   0.0000000e+00   0.0000000e+00
2.5791583e+03   0.0000000e+00   -3.0000000e+00   0.0000000e+00   0.0000000e+00   0.0000000e+00   0.0000000e+00
2.5811623e+03   0.0000000e+00   -3.0000000e+00   0.0000000e+00   0.0000000e+00   0.0000000e+00   0.0000000e+00
2.5831663e+03   0.0000000e+00   -3.0000000e+00   0.0000000e+00   0.0000000e+00   0.0000000e+00   0.0000000e+00
2.5851703e+03   0.0000000e+00   -3.0000000e+00   0.0000000e+00   0.0000000e+00   0.0000000e+00   0.0000000e+00
2.5871743e+03   0.0000000e+00   -3.0000000e+00   0.0000000e+00   0.0000000e+00   0.0000000e+00   0.0000000e+00
2.5891784e+03   0.0000000e+00   -3.0000000e+00   0.0000000e+00   0.0000000e+00   0.0000000e+00   0.0000000e+00
2.5911824e+03   0.0000000e+00   -3.0000000e+00   0.0000000e+00   0.0000000e+00   0.0000000e+00   0.0000000e+00
2.5931864e+03   0.0000000e+00   -3.0000000e+00   0.0000000e+00   0.0000000e+00   0.0000000e+00   0.0000000e+00
2.5951904e+03   0.0000000e+00   -3.0000000e+00   0.0000000e+00   0.0000000e+00   0.0000000e+00   0.0000000e+00
2.5971944e+03   0.0000000e+00   -3.0000000e+00   0.0000000e+00   0.0000000e+00   0.0000000e+00   0.0000000e+00
2.5991984e+03   0.0000000e+00   -3.0000000e+00   0.0000000e+00   0.0000000e+00   0.0000000e+00   0.0000000e+00
2.6012024e+03   0.0000000e+00   -3.0000000e+00   0.0000000e+00   0.0000000e+00   0.0000000e+00   0.0000000e+00
2.6032064e+03   0.0000000e+00   -3.0000000e+00   0.0000000e+00   0.0000000e+00   0.0000000e+00   0.0000000e+00
2.6052104e+03   0.0000000e+00   -3.0000000e+00   0.0000000e+00   0.0000000e+00   0.0000000e+00   0.0000000e+00
2.6072144e+03   0.0000000e+00   -3.0000000e+00   0.0000000e+00   0.0000000e+00   0.0000000e+00   0.0000000e+00
2.6092184e+03   0.0000000e+00   -3.0000000e+00   0.0000000e+00   0.0000000e+00   0.0000000e+00   0.0000000e+00
2.6112224e+03   0.0000000e+00   -3.0000000e+00   0.0000000e+00   0.0000000e+00   0.0000000e+00   0.0000000e+00
2.6132265e+03   0.0000000e+00   -3.0000000e+00   0.0000000e+00   0.0000000e+00   0.0000000e+00   0.0000000e+00
2.6152305e+03   0.0000000e+00   -3.0000000e+00   0.0000000e+00   0.0000000e+00   0.0000000e+00   0.0000000e+00
2.6172345e+03   0.0000000e+00   -3.0000000e+00   0.0000000e+00   0.0000000e+00   0.0000000e+00   0.0000000e+00
2.6192385e+03   0.0000000e+00   -3.0000000e+00   0.0000000e+00   0.0000000e+00   0.0000000e+00   0.0000000e+00
2.6212425e+03   0.0000000e+00   -3.0000000e+00   0.0000000e+00   0.0000000e+00   0.0000000e+00   0.0000000e+00
2.6232465e+03   0.0000000e+00   -3.0000000e+00   0.0000000e+00   0.0000000e+00   0.0000000e+00   0.0000000e+00
2.6252505e+03   0.0000000e+00   -3.0000000e+00   0.0000000e+00   0.0000000e+00   0.0000000e+00   0.0000000e+00
2.6272545e+03   0.0000000e+00   -3.0000000e+00   0.0000000e+00   0.0000000e+00   0.0000000e+00   0.0000000e+00
2.6292585e+03   0.0000000e+00   -3.0000000e+00   0.0000000e+00   0.0000000e+00   0.0000000e+00   0.0000000e+00
2.6312625e+03   0.0000000e+00   -3.0000000e+00   0.0000000e+00   0.0000000e+00   0.0000000e+00   0.0000000e+00
2.6332665e+03   0.0000000e+00   -3.0000000e+00   0.0000000e+00   0.0000000e+00   0.0000000e+00   0.0000000e+00
2.6352705e+03   0.0000000e+00   -3.0000000e+00   0.0000000e+00   0.0000000e+00   0.0000000e+00   0.0000000e+00
2.6372745e+03   0.0000000e+00   -3.0000000e+00   0.0000000e+00   0.0000000e+00   0.0000000e+00   0.0000000e+00
2.6392786e+03   0.0000000e+00   -3.0000000e+00   0.0000000e+00   0.0000000e+00   0.0000000e+00   0.0000000e+00
2.6412826e+03   0.0000000e+00   -3.0000000e+00   0.0000000e+00   0.0000000e+00   0.0000000e+00   0.0000000e+00
2.6432866e+03   0.0000000e+00   -3.0000000e+00   0.0000000e+00   0.0000000e+00   0.0000000e+00   0.0000000e+00
2.6452906e+03   0.0000000e+00   -3.0000000e+00   0.0000000e+00   0.0000000e+00   0.0000000e+00   0.0000000e+00
2.6472946e+03   0.0000000e+00   -3.0000000e+00   0.0000000e+00   0.0000000e+00   0.0000000e+00   0.0000000e+00
2.6492986e+03   0.0000000e+00   -3.0000000e+00   0.0000000e+00   0.0000000e+00   0.0000000e+00   0.0000000e+00
2.6513026e+03   0.0000000e+00   -3.0000000e+00   0.0000000e+00   0.0000000e+00   0.0000000e+00   0.0000000e+00
2.6533066e+03   0.0000000e+00   -3.0000000e+00   0.0000000e+00   0.0000000e+00   0.0000000e+00   0.0000000e+00
2.6553106e+03   0.0000000e+00   -3.0000000e+00   0.0000000e+00   0.0000000e+00   0.0000000e+00   0.0000000e+00
2.6573146e+03   0.0000000e+00   -3.0000000e+00   0.0000000e+00   0.0000000e+00   0.0000000e+00   0.0000000e+00
2.6593186e+03   0.0000000e+00   -3.0000000e+00   0.0000000e+00   0.0000000e+00   0.0000000e+00   0.0000000e+00
2.6613226e+03   0.0000000e+00   -3.0000000e+00   0.0000000e+00   0.0000000e+00   0.0000000e+00   0.0000000e+00
2.6633267e+03   0.0000000e+00   -3.0000000e+00   0.0000000e+00   0.0000000e+00   0.0000000e+00   0.0000000e+00
2.6653307e+03   0.0000000e+00   -3.0000000e+00   0.0000000e+00   0.0000000e+00   0.0000000e+00   0.0000000e+00
2.6673347e+03   0.0000000e+00   -3.0000000e+00   0.0000000e+00   0.0000000e+00   0.0000000e+00   0.0000000e+00
2.6693387e+03   0.0000000e+00   -3.0000000e+00   0.0000000e+00   0.0000000e+00   0.0000000e+00   0.0000000e+00
2.6713427e+03   0.0000000e+00   -3.0000000e+00   0.0000000e+00   0.0000000e+00   0.0000000e+00   0.0000000e+00
2.6733467e+03   0.0000000e+00   -3.0000000e+00   0.0000000e+00   0.0000000e+00   0.0000000e+00   0.0000000e+00
2.6753507e+03   0.0000000e+00   -3.0000000e+00   0.0000000e+00   0.0000000e+00   0.0000000e+00   0.0000000e+00
2.6773547e+03   0.0000000e+00   -3.0000000e+00   0.0000000e+00   0.0000000e+00   0.0000000e+00   0.0000000e+00
2.6793587e+03   0.0000000e+00   -3.0000000e+00   0.0000000e+00   0.0000000e+00   0.0000000e+00   0.0000000e+00
2.6813627e+03   0.0000000e+00   -3.0000000e+00   0.0000000e+00   0.0000000e+00   0.0000000e+00   0.0000000e+00
2.6833667e+03   0.0000000e+00   -3.0000000e+00   0.0000000e+00   0.0000000e+00   0.0000000e+00   0.0000000e+00
2.6853707e+03   0.0000000e+00   -3.0000000e+00   0.0000000e+00   0.0000000e+00   0.0000000e+00   0.0000000e+00
2.6873747e+03   0.0000000e+00   -3.0000000e+00   0.0000000e+00   0.0000000e+00   0.0000000e+00   0.0000000e+00
2.6893788e+03   0.0000000e+00   -3.0000000e+00   0.0000000e+00   0.0000000e+00   0.0000000e+00   0.0000000e+00
2.6913828e+03   0.0000000e+00   -3.0000000e+00   0.0000000e+00   0.0000000e+00   0.0000000e+00   0.0000000e+00
2.6933868e+03   0.0000000e+00   -3.0000000e+00   0.0000000e+00   0.0000000e+00   0.0000000e+00   0.0000000e+00
2.6953908e+03   0.0000000e+00   -3.0000000e+00   0.0000000e+00   0.0000000e+00   0.0000000e+00   0.0000000e+00
2.6973948e+03   0.0000000e+00   -3.0000000e+00   0.0000000e+00   0.0000000e+00   0.0000000e+00   0.0000000e+00
2.6993988e+03   0.0000000e+00   -3.0000000e+00   0.0000000e+00   0.0000000e+00   0.0000000e+00   0.0000000e+00
2.7014028e+03   0.0000000e+00   -3.0000000e+00   0.0000000e+00   0.0000000e+00   0.0000000e+00   0.0000000e+00
2.7034068e+03   0.0000000e+00   -3.0000000e+00   0.0000000e+00   0.0000000e+00   0.0000000e+00   0.0000000e+00
2.7054108e+03   0.0000000e+00   -3.0000000e+00   0.0000000e+00   0.0000000e+00   0.0000000e+00   0.0000000e+00
2.7074148e+03   0.0000000e+00   -3.0000000e+00   0.0000000e+00   0.0000000e+00   0.0000000e+00   0.0000000e+00
2.7094188e+03   0.0000000e+00   -3.0000000e+00   0.0000000e+00   0.0000000e+00   0.0000000e+00   0.0000000e+00
2.7114228e+03   0.0000000e+00   -3.0000000e+00   0.0000000e+00   0.0000000e+00   0.0000000e+00   0.0000000e+00
2.7134269e+03   0.0000000e+00   -3.0000000e+00   0.0000000e+00   0.0000000e+00   0.0000000e+00   0.0000000e+00
2.7154309e+03   0.0000000e+00   -3.0000000e+00   0.0000000e+00   0.0000000e+00   0.0000000e+00   0.0000000e+00
2.7174349e+03   0.0000000e+00   -3.0000000e+00   0.0000000e+00   0.0000000e+00   0.0000000e+00   0.0000000e+00
2.7194389e+03   0.0000000e+00   -3.0000000e+00   0.0000000e+00   0.0000000e+00   0.0000000e+00   0.0000000e+00
2.7214429e+03   0.0000000e+00   -3.0000000e+00   0.0000000e+00   0.0000000e+00   0.0000000e+00   0.0000000e+00
2.7234469e+03   0.0000000e+00   -3.0000000e+00   0.0000000e+00   0.0000000e+00   0.0000000e+00   0.0000000e+00
2.7254509e+03   0.0000000e+00   -3.0000000e+00   0.0000000e+00   0.0000000e+00   0.0000000e+00   0.0000000e+00
2.7274549e+03   0.0000000e+00   -3.0000000e+00   0.0000000e+00   0.0000000e+00   0.0000000e+00   0.0000000e+00
2.7294589e+03   0.0000000e+00   -3.0000000e+00   0.0000000e+00   0.0000000e+00   0.0000000e+00   0.0000000e+00
2.7314629e+03   0.0000000e+00   -3.0000000e+00   0.0000000e+00   0.0000000e+00   0.0000000e+00   0.0000000e+00
2.7334669e+03   0.0000000e+00   -3.0000000e+00   0.0000000e+00   0.0000000e+00   0.0000000e+00   0.0000000e+00
2.7354709e+03   0.0000000e+00   -3.0000000e+00   0.0000000e+00   0.0000000e+00   0.0000000e+00   0.0000000e+00
2.7374749e+03   0.0000000e+00   -3.0000000e+00   0.0000000e+00   0.0000000e+00   0.0000000e+00   0.0000000e+00
2.7394790e+03   0.0000000e+00   -3.0000000e+00   0.0000000e+00   0.0000000e+00   0.0000000e+00   0.0000000e+00
2.7414830e+03   0.0000000e+00   -3.0000000e+00   0.0000000e+00   0.0000000e+00   0.0000000e+00   0.0000000e+00
2.7434870e+03   0.0000000e+00   -3.0000000e+00   0.0000000e+00   0.0000000e+00   0.0000000e+00   0.0000000e+00
2.7454910e+03   0.0000000e+00   -3.0000000e+00   0.0000000e+00   0.0000000e+00   0.0000000e+00   0.0000000e+00
2.7474950e+03   0.0000000e+00   -3.0000000e+00   0.0000000e+00   0.0000000e+00   0.0000000e+00   0.0000000e+00
2.7494990e+03   0.0000000e+00   -3.0000000e+00   0.0000000e+00   0.0000000e+00   0.0000000e+00   0.0000000e+00
2.7515030e+03   0.0000000e+00   -3.0000000e+00   0.0000000e+00   0.0000000e+00   0.0000000e+00   0.0000000e+00
2.7535070e+03   0.0000000e+00   -3.0000000e+00   0.0000000e+00   0.0000000e+00   0.0000000e+00   0.0000000e+00
2.7555110e+03   0.0000000e+00   -3.0000000e+00   0.0000000e+00   0.0000000e+00   0.0000000e+00   0.0000000e+00
2.7575150e+03   0.0000000e+00   -3.0000000e+00   0.0000000e+00   0.0000000e+00   0.0000000e+00   0.0000000e+00
2.7595190e+03   0.0000000e+00   -3.0000000e+00   0.0000000e+00   0.0000000e+00   0.0000000e+00   0.0000000e+00
2.7615230e+03   0.0000000e+00   -3.0000000e+00   0.0000000e+00   0.0000000e+00   0.0000000e+00   0.0000000e+00
2.7635271e+03   0.0000000e+00   -3.0000000e+00   0.0000000e+00   0.0000000e+00   0.0000000e+00   0.0000000e+00
2.7655311e+03   0.0000000e+00   -3.0000000e+00   0.0000000e+00   0.0000000e+00   0.0000000e+00   0.0000000e+00
2.7675351e+03   0.0000000e+00   -3.0000000e+00   0.0000000e+00   0.0000000e+00   0.0000000e+00   0.0000000e+00
2.7695391e+03   0.0000000e+00   -3.0000000e+00   0.0000000e+00   0.0000000e+00   0.0000000e+00   0.0000000e+00
2.7715431e+03   0.0000000e+00   -3.0000000e+00   0.0000000e+00   0.0000000e+00   0.0000000e+00   0.0000000e+00
2.7735471e+03   0.0000000e+00   -3.0000000e+00   0.0000000e+00   0.0000000e+00   0.0000000e+00   0.0000000e+00
2.7755511e+03   0.0000000e+00   -3.0000000e+00   0.0000000e+00   0.0000000e+00   0.0000000e+00   0.0000000e+00
2.7775551e+03   0.0000000e+00   -3.0000000e+00   0.0000000e+00   0.0000000e+00   0.0000000e+00   0.0000000e+00
2.7795591e+03   0.0000000e+00   -3.0000000e+00   0.0000000e+00   0.0000000e+00   0.0000000e+00   0.0000000e+00
2.7815631e+03   0.0000000e+00   -3.0000000e+00   0.0000000e+00   0.0000000e+00   0.0000000e+00   0.0000000e+00
2.7835671e+03   0.0000000e+00   -3.0000000e+00   0.0000000e+00   0.0000000e+00   0.0000000e+00   0.0000000e+00
2.7855711e+03   0.0000000e+00   -3.0000000e+00   0.0000000e+00   0.0000000e+00   0.0000000e+00   0.0000000e+00
2.7875752e+03   0.0000000e+00   -3.0000000e+00   0.0000000e+00   0.0000000e+00   0.0000000e+00   0.0000000e+00
2.7895792e+03   0.0000000e+00   -3.0000000e+00   0.0000000e+00   0.0000000e+00   0.0000000e+00   0.0000000e+00
2.7915832e+03   0.0000000e+00   -3.0000000e+00   0.0000000e+00   0.0000000e+00   0.0000000e+00   0.0000000e+00
2.7935872e+03   0.0000000e+00   -3.0000000e+00   0.0000000e+00   0.0000000e+00   0.0000000e+00   0.0000000e+00
2.7955912e+03   0.0000000e+00   -3.0000000e+00   0.0000000e+00   0.0000000e+00   0.0000000e+00   0.0000000e+00
2.7975952e+03   0.0000000e+00   -3.0000000e+00   0.0000000e+00   0.0000000e+00   0.0000000e+00   0.0000000e+00
2.7995992e+03   0.0000000e+00   -3.0000000e+00   0.0000000e+00   0.0000000e+00   0.0000000e+00   0.0000000e+00
2.8016032e+03   0.0000000e+00   -3.0000000e+00   0.0000000e+00   0.0000000e+00   0.0000000e+00   0.0000000e+00
2.8036072e+03   0.0000000e+00   -3.0000000e+00   0.0000000e+00   0.0000000e+00   0.0000000e+00   0.0000000e+00
2.8056112e+03   0.0000000e+00   -3.0000000e+00   0.0000000e+00   0.0000000e+00   0.0000000e+00   0.0000000e+00
2.8076152e+03   0.0000000e+00   -3.0000000e+00   0.0000000e+00   0.0000000e+00   0.0000000e+00   0.0000000e+00
2.8096192e+03   0.0000000e+00   -3.0000000e+00   0.0000000e+00   0.0000000e+00   0.0000000e+00   0.0000000e+00
2.8116232e+03   0.0000000e+00   -3.0000000e+00   0.0000000e+00   0.0000000e+00   0.0000000e+00   0.0000000e+00
2.8136273e+03   0.0000000e+00   -3.0000000e+00   0.0000000e+00   0.0000000e+00   0.0000000e+00   0.0000000e+00
2.8156313e+03   0.0000000e+00   -3.0000000e+00   0.0000000e+00   0.0000000e+00   0.0000000e+00   0.0000000e+00
2.8176353e+03   0.0000000e+00   -3.0000000e+00   0.0000000e+00   0.0000000e+00   0.0000000e+00   0.0000000e+00
2.8196393e+03   0.0000000e+00   -3.0000000e+00   0.0000000e+00   0.0000000e+00   0.0000000e+00   0.0000000e+00
2.8216433e+03   0.0000000e+00   -3.0000000e+00   0.0000000e+00   0.0000000e+00   0.0000000e+00   0.0000000e+00
2.8236473e+03   0.0000000e+00   -3.0000000e+00   0.0000000e+00   0.0000000e+00   0.0000000e+00   0.0000000e+00
2.8256513e+03   0.0000000e+00   -3.0000000e+00   0.0000000e+00   0.0000000e+00   0.0000000e+00   0.0000000e+00
2.8276553e+03   0.0000000e+00   -3.0000000e+00   0.0000000e+00   0.0000000e+00   0.0000000e+00   0.0000000e+00
2.8296593e+03   0.0000000e+00   -3.0000000e+00   0.0000000e+00   0.0000000e+00   0.0000000e+00   0.0000000e+00
2.8316633e+03   0.0000000e+00   -3.0000000e+00   0.0000000e+00   0.0000000e+00   0.0000000e+00   0.0000000e+00
2.8336673e+03   0.0000000e+00   -3.0000000e+00   0.0000000e+00   0.0000000e+00   0.0000000e+00   0.0000000e+00
2.8356713e+03   0.0000000e+00   -3.0000000e+00   0.0000000e+00   0.0000000e+00   0.0000000e+00   0.0000000e+00
2.8376754e+03   0.0000000e+00   -3.0000000e+00   0.0000000e+00   0.0000000e+00   0.0000000e+00   0.0000000e+00
2.8396794e+03   0.0000000e+00   -3.0000000e+00   0.0000000e+00   0.0000000e+00   0.0000000e+00   0.0000000e+00
2.8416834e+03   0.0000000e+00   -3.0000000e+00   0.0000000e+00   0.0000000e+00   0.0000000e+00   0.0000000e+00
2.8436874e+03   0.0000000e+00   -3.0000000e+00   0.0000000e+00   0.0000000e+00   0.0000000e+00   0.0000000e+00
2.8456914e+03   0.0000000e+00   -3.0000000e+00   0.0000000e+00   0.0000000e+00   0.0000000e+00   0.0000000e+00
2.8476954e+03   0.0000000e+00   -3.0000000e+00   0.0000000e+00   0.0000000e+00   0.0000000e+00   0.0000000e+00
2.8496994e+03   0.0000000e+00   -3.0000000e+00   0.0000000e+00   0.0000000e+00   0.0000000e+00   0.0000000e+00
2.8517034e+03   0.0000000e+00   -3.0000000e+00   0.0000000e+00   0.0000000e+00   0.0000000e+00   0.0000000e+00
2.8537074e+03   0.0000000e+00   -3.0000000e+00   0.0000000e+00   0.0000000e+00   0.0000000e+00   0.0000000e+00
2.8557114e+03   0.0000000e+00   -3.0000000e+00   0.0000000e+00   0.0000000e+00   0.0000000e+00   0.0000000e+00
2.8577154e+03   0.0000000e+00   -3.0000000e+00   0.0000000e+00   0.0000000e+00   0.0000000e+00   0.0000000e+00
2.8597194e+03   0.0000000e+00   -3.0000000e+00   0.0000000e+00   0.0000000e+00   0.0000000e+00   0.0000000e+00
2.8617234e+03   0.0000000e+00   -3.0000000e+00   0.0000000e+00   0.0000000e+00   0.0000000e+00   0.0000000e+00
2.8637275e+03   0.0000000e+00   -3.0000000e+00   0.0000000e+00   0.0000000e+00   0.0000000e+00   0.0000000e+00
2.8657315e+03   0.0000000e+00   -3.0000000e+00   0.0000000e+00   0.0000000e+00   0.0000000e+00   0.0000000e+00
2.8677355e+03   0.0000000e+00   -3.0000000e+00   0.0000000e+00   0.0000000e+00   0.0000000e+00   0.0000000e+00
2.8697395e+03   0.0000000e+00   -3.0000000e+00   0.0000000e+00   0.0000000e+00   0.0000000e+00   0.0000000e+00
2.8717435e+03   0.0000000e+00   -3.0000000e+00   0.0000000e+00   0.0000000e+00   0.0000000e+00   0.0000000e+00
2.8737475e+03   0.0000000e+00   -3.0000000e+00   0.0000000e+00   0.0000000e+00   0.0000000e+00   0.0000000e+00
2.8757515e+03   0.0000000e+00   -3.0000000e+00   0.0000000e+00   0.0000000e+00   0.0000000e+00   0.0000000e+00
2.8777555e+03   0.0000000e+00   -3.0000000e+00   0.0000000e+00   0.0000000e+00   0.0000000e+00   0.0000000e+00
2.8797595e+03   0.0000000e+00   -3.0000000e+00   0.0000000e+00   0.0000000e+00   0.0000000e+00   0.0000000e+00
2.8817635e+03   0.0000000e+00   -3.0000000e+00   0.0000000e+00   0.0000000e+00   0.0000000e+00   0.0000000e+00
2.8837675e+03   0.0000000e+00   -3.0000000e+00   0.0000000e+00   0.0000000e+00   0.0000000e+00   0.0000000e+00
2.8857715e+03   0.0000000e+00   -3.0000000e+00   0.0000000e+00   0.0000000e+00   0.0000000e+00   0.0000000e+00
2.8877756e+03   0.0000000e+00   -3.0000000e+00   0.0000000e+00   0.0000000e+00   0.0000000e+00   0.0000000e+00
2.8897796e+03   0.0000000e+00   -3.0000000e+00   0.0000000e+00   0.0000000e+00   0.0000000e+00   0.0000000e+00
2.8917836e+03   0.0000000e+00   -3.0000000e+00   0.0000000e+00   0.0000000e+00   0.0000000e+00   0.0000000e+00
2.8937876e+03   0.0000000e+00   -3.0000000e+00   0.0000000e+00   0.0000000e+00   0.0000000e+00   0.0000000e+00
2.8957916e+03   0.0000000e+00   -3.0000000e+00   0.0000000e+00   0.0000000e+00   0.0000000e+00   0.0000000e+00
2.8977956e+03   0.0000000e+00   -3.0000000e+00   0.0000000e+00   0.0000000e+00   0.0000000e+00   0.0000000e+00
2.8997996e+03   0.0000000e+00   -3.0000000e+00   0.0000000e+00   0.0000000e+00   0.0000000e+00   0.0000000e+00
2.9018036e+03   0.0000000e+00   -3.0000000e+00   0.0000000e+00   0.0000000e+00   0.0000000e+00   0.0000000e+00
2.9038076e+03   0.0000000e+00   -3.0000000e+00   0.0000000e+00   0.0000000e+00   0.0000000e+00   0.0000000e+00
2.9058116e+03   0.0000000e+00   -3.0000000e+00   0.0000000e+00   0.0000000e+00   0.0000000e+00   0.0000000e+00
2.9078156e+03   0.0000000e+00   -3.0000000e+00   0.0000000e+00   0.0000000e+00   0.0000000e+00   0.0000000e+00
2.9098196e+03   0.0000000e+00   -3.0000000e+00   0.0000000e+00   0.0000000e+00   0.0000000e+00   0.0000000e+00
2.9118236e+03   0.0000000e+00   -3.0000000e+00   0.0000000e+00   0.0000000e+00   0.0000000e+00   0.0000000e+00
2.9138277e+03   0.0000000e+00   -3.0000000e+00   0.0000000e+00   0.0000000e+00   0.0000000e+00   0.0000000e+00
2.9158317e+03   0.0000000e+00   -3.0000000e+00   0.0000000e+00   0.0000000e+00   0.0000000e+00   0.0000000e+00
2.9178357e+03   0.0000000e+00   -3.0000000e+00   0.0000000e+00   0.0000000e+00   0.0000000e+00   0.0000000e+00
2.9198397e+03   0.0000000e+00   -3.0000000e+00   0.0000000e+00   0.0000000e+00   0.0000000e+00   0.0000000e+00
2.9218437e+03   0.0000000e+00   -3.0000000e+00   0.0000000e+00   0.0000000e+00   0.0000000e+00   0.0000000e+00
2.9238477e+03   0.0000000e+00   -3.0000000e+00   0.0000000e+00   0.0000000e+00   0.0000000e+00   0.0000000e+00
2.9258517e+03   0.0000000e+00   -3.0000000e+00   0.0000000e+00   0.0000000e+00   0.0000000e+00   0.0000000e+00
2.9278557e+03   0.0000000e+00   -3.0000000e+00   0.0000000e+00   0.0000000e+00   0.0000000e+00   0.0000000e+00
2.9298597e+03   0.0000000e+00   -3.0000000e+00   0.0000000e+00   0.0000000e+00   0.0000000e+00   0.0000000e+00
2.9318637e+03   0.0000000e+00   -3.0000000e+00   0.0000000e+00   0.0000000e+00   0.0000000e+00   0.0000000e+00
2.9338677e+03   0.0000000e+00   -3.0000000e+00   0.0000000e+00   0.0000000e+00   0.0000000e+00   0.0000000e+00
2.9358717e+03   0.0000000e+00   -3.0000000e+00   0.0000000e+00   0.0000000e+00   0.0000000e+00   0.0000000e+00
2.9378758e+03   0.0000000e+00   -3.0000000e+00   0.0000000e+00   0.0000000e+00   0.0000000e+00   0.0000000e+00
2.9398798e+03   0.0000000e+00   -3.0000000e+00   0.0000000e+00   0.0000000e+00   0.0000000e+00   0.0000000e+00
2.9418838e+03   0.0000000e+00   -3.0000000e+00   0.0000000e+00   0.0000000e+00   0.0000000e+00   0.0000000e+00
2.9438878e+03   0.0000000e+00   -3.0000000e+00   0.0000000e+00   0.0000000e+00   0.0000000e+00   0.0000000e+00
2.9458918e+03   0.0000000e+00   -3.0000000e+00   0.0000000e+00   0.0000000e+00   0.0000000e+00   0.0000000e+00
2.9478958e+03   0.0000000e+00   -3.0000000e+00   0.0000000e+00   0.0000000e+00   0.0000000e+00   0.0000000e+00
2.9498998e+03   0.0000000e+00   -3.0000000e+00   0.0000000e+00   0.0000000e+00   0.0000000e+00   0.0000000e+00
2.9519038e+03   0.0000000e+00   -3.0000000e+00   0.0000000e+00   0.0000000e+00   0.0000000e+00   0.0000000e+00
2.9539078e+03   0.0000000e+00   -3.0000000e+00   0.0000000e+00   0.0000000e+00   0.0000000e+00   0.0000000e+00
2.9559118e+03   0.0000000e+00   -3.0000000e+00   0.0000000e+00   0.0000000e+00   0.0000000e+00   0.0000000e+00
2.9579158e+03   0.0000000e+00   -3.0000000e+00   0.0000000e+00   0.0000000e+00   0.0000000e+00   0.0000000e+00
2.9599198e+03   0.0000000e+00   -3.0000000e+00   0.0000000e+00   0.0000000e+00   0.0000000e+00   0.0000000e+00
2.9619238e+03   0.0000000e+00   -3.0000000e+00   0.0000000e+00   0.0000000e+00   0.0000000e+00   0.0000000e+00
2.9639279e+03   0.0000000e+00   -3.0000000e+00   0.0000000e+00   0.0000000e+00   0.0000000e+00   0.0000000e+00
2.9659319e+03   0.0000000e+00   -3.0000000e+00   0.0000000e+00   0.0000000e+00   0.0000000e+00   0.0000000e+00
2.9679359e+03   0.0000000e+00   -3.0000000e+00   0.0000000e+00   0.0000000e+00   0.0000000e+00   0.0000000e+00
2.9699399e+03   0.0000000e+00   -3.0000000e+00   0.0000000e+00   0.0000000e+00   0.0000000e+00   0.0000000e+00
2.9719439e+03   0.0000000e+00   -3.0000000e+00   0.0000000e+00   0.0000000e+00   0.0000000e+00   0.0000000e+00
2.9739479e+03   0.0000000e+00   -3.0000000e+00   0.0000000e+00   0.0000000e+00   0.0000000e+00   0.0000000e+00
2.9759519e+03   0.0000000e+00   -3.0000000e+00   0.0000000e+00   0.0000000e+00   0.0000000e+00   0.0000000e+00
2.9779559e+03   0.0000000e+00   -3.0000000e+00   0.0000000e+00   0.0000000e+00   0.0000000e+00   0.0000000e+00
2.9799599e+03   0.0000000e+00   -3.0000000e+00   0.0000000e+00   0.0000000e+00   0.0000000e+00   0.0000000e+00
2.9819639e+03   0.0000000e+00   -3.0000000e+00   0.0000000e+00   0.0000000e+00   0.0000000e+00   0.0000000e+00
2.9839679e+03   0.0000000e+00   -3.0000000e+00   0.0000000e+00   0.0000000e+00   0.0000000e+00   0.0000000e+00
2.9859719e+03   0.0000000e+00   -3.0000000e+00   0.0000000e+00   0.0000000e+00   0.0000000e+00   0.0000000e+00
2.9879760e+03   0.0000000e+00   -3.0000000e+00   0.0000000e+00   0.0000000e+00   0.0000000e+00   0.0000000e+00
2.9899800e+03   0.0000000e+00   -3.0000000e+00   0.0000000e+00   0.0000000e+00   0.0000000e+00   0.0000000e+00
2.9919840e+03   0.0000000e+00   -3.0000000e+00   0.0000000e+00   0.0000000e+00   0.0000000e+00   0.0000000e+00
2.9939880e+03   0.0000000e+00   -3.0000000e+00   0.0000000e+00   0.0000000e+00   0.0000000e+00   0.0000000e+00
2.9959920e+03   0.0000000e+00   -3.0000000e+00   0.0000000e+00   0.0000000e+00   0.0000000e+00   0.0000000e+00
2.9979960e+03   0.0000000e+00   -3.0000000e+00   0.0000000e+00   0.0000000e+00   0.0000000e+00   0.0000000e+00
3.0000000e+03   0.0000000e+00   -3.0000000e+00   0.0000000e+00   0.0000000e+00   0.0000000e+00   0.0000000e+00
3.0000000e+03   0.0000000e+00   -3.0000000e+00   0.0000000e+00   0.0000000e+00   0.0000000e+00   0.0000000e+00
3.0095000e+03   0.0000000e+00   -3.0000000e+00   0.0000000e+00   0.0000000e+00   0.0000000e+00   0.0000000e+00
3.0190000e+03   0.0000000e+00   -3.0000000e+00   0.0000000e+00   0.0000000e+00   0.0000000e+00   0.0000000e+00
3.0285000e+03   0.0000000e+00   -3.0000000e+00   0.0000000e+00   0.0000000e+00   0.0000000e+00   0.0000000e+00
3.0380000e+03   0.0000000e+00   -3.0000000e+00   0.0000000e+00   0.0000000e+00   0.0000000e+00   0.0000000e+00
